0		101	99   0   0   0   0  0
1		101.019726	99.00547945		0.0055348	0.01953072	HC  0   0
2		101.0400461	99.01183875		0.006423179	0.020114943	HC  0   0
3		101.0609395	99.01904114		0.00727427	0.020678323	HC  0   0
4		101.0823863	99.02705133		0.008089545	0.021221725	HC  0   0
5		101.1043677	99.03583544		0.008870419	0.021745982	HC  0   0
6		101.1268653	99.04536096		0.009618252	0.022251893	HC  0   0
7		101.1498618	99.05559666		0.01033435	0.022740226	HC	0.14837804	0.056158237
8		101.1733404	99.06651255		0.011019967	0.023211717	HC	0.152063779	0.061646181
9		101.1972852	99.07807986		0.011676307	0.023667073	HC	0.155620595	0.06690221
10		101.2216808	99.09027095		0.012304528	0.024106974	HC	0.159053872	0.071935467
11		101.2465126	99.10305928		0.01290574	0.024532071	HC	0.16236878	0.076754736
12		101.2717665	99.11641938		0.01348101	0.02494299	HC	0.165570283	0.081368457
13		101.2974291	99.13032676		0.014031364	0.025340332	HC	0.168663147	0.085784735
14		101.3234875	99.14475794		0.014557785	0.025724673	HC	0.171651949	0.090011356
15		101.3499295	99.15969035		0.015061218	0.026096569	HC	0.174541081	0.0940558
16		101.3767432	99.17510231		0.01554257	0.026456549	HC	0.177334764	0.097925247
17		101.4039173	99.19097302		0.01600271	0.026805124	HC	0.180037048	0.101626596
18		101.4314412	99.20728247		0.016442477	0.027142785	HC	0.182651821	0.10516647
19		101.4593044	99.22401147		0.016862671	0.027470002	HC	0.185182817	0.108551231
20		101.4874971	99.24114156		0.017264063	0.027787227	HC	0.187633622	0.111786985
21		101.5160099	99.25865504		0.017647394	0.028094892	HC	0.190007678	0.114879597
22		101.5448338	99.27653487		0.018013372	0.028393415	HC	0.192308288	0.117834697
23		101.5739601	99.2947647		0.018362679	0.028683195	HC	0.194538627	0.120657691
24		101.6033806	99.31332882		0.018695969	0.028964616	HC	0.196701739	0.123353767
25		101.6330874	99.33221213		0.019013869	0.029238045	HC	0.198800551	0.125927909
26		101.6630731	99.35140011		0.019316983	0.029503838	HC	0.20083787	0.128384897
27		101.6933304	99.37087884		0.019605887	0.029762332	HC	0.202816392	0.130729322
28		101.7238525	99.3906349		0.019881137	0.030013855	HC	0.204738707	0.132965591
29		101.7546328	99.41065542		0.020143265	0.03025872	HC	0.206607301	0.135097933
30		101.7856652	99.43092802		0.020392783	0.030497227	HC	0.208424559	0.137130406
31		101.8169436	99.45144079		0.020630179	0.030729664	HC	0.210192774	0.139066906
32		101.8484623	99.47218231		0.020855925	0.03095631	HC	0.211914147	0.140911173
33		101.8802161	99.49314157		0.021070472	0.031177429	HC	0.213590791	0.142666794
34		101.9121996	99.51430799		0.021274253	0.031393279	HC	0.215224735	0.144337213
35		101.944408	99.53567141		0.021467683	0.031604104	HC	0.216817928	0.145925733
36		101.9768367	99.55722204		0.021651162	0.03181014	HC	0.218372241	0.147435526
37		102.0094811	99.57895047		0.021825071	0.032011614	HC	0.219889473	0.148869633
38		102.0423371	99.60084766		0.021989777	0.032208743	HC	0.221371348	0.150230974
39		102.0754006	99.6229049		0.022145633	0.032401736	HC	0.222819526	0.15152235
40		102.1086678	99.64511381		0.022292976	0.032590794	HC	0.224235598	0.152746448
41		102.142135	99.66746633		0.022432129	0.032776109	HC	0.225621094	0.153905846
42		102.1757989	99.6899547		0.022563404	0.032957868	HC	0.226977484	0.155003018
43		102.2096561	99.71257146		0.022687099	0.033136247	HC	0.228306178	0.156040337
44		102.2437036	99.73530942		0.022803499	0.033311419	HC	0.229608534	0.157020078
45		102.2779384	99.75816165		0.022912879	0.033483546	HC	0.230885853	0.157944426
46		102.3123578	99.78112149		0.023015501	0.033652788	HC	0.232139387	0.158815475
47		102.3469591	99.80418252		0.023111618	0.033819295	HC	0.233370339	0.159635234
48		102.3817399	99.82733856		0.023201471	0.033983215	HC	0.234579865	0.160405631
49		102.4166978	99.85058365		0.023285292	0.034144686	HC	0.235769075	0.161128514
50		102.4518307	99.87391204		0.023363304	0.034303844	HC	0.236939037	0.161805655
51		102.4871364	99.89731821		0.02343572	0.034460818	HC	0.238090776	0.162438754
52		102.5226131	99.92079682		0.023502745	0.034615734	HC	0.23922528	0.163029443
53		102.5582589	99.94434273		0.023564573	0.03476871	HC	0.240343495	0.163579284
54		102.5940721	99.96795098		0.023621395	0.034919861	HC	0.241446333	0.164089777
55		102.6300511	99.99161678		0.023673389	0.0350693	HC	0.24253467	0.16456236
56		102.6661945	100.0153355		0.023720728	0.035217131	HC	0.24360935	0.16499841
57		102.7025008	100.0391027		0.023763578	0.035363459	HC	0.244671182	0.16539925
58		102.7389688	100.0629141		0.023802097	0.035508381	HC	0.245720945	0.165766148
59		102.7755973	100.0867656		0.023836439	0.035651992	HC	0.24675939	0.166100316
60		102.8123852	100.110653		0.023866748	0.035794384	HC	0.247787238	0.166402921
61		102.8493315	100.1345726		0.023893164	0.035935644	HC	0.248805182	0.166675078
62		102.8864353	100.1585206		0.023915821	0.036075858	HC	0.249813891	0.166917858
63		102.9236957	100.1824934		0.023934848	0.036215106	HC	0.250814006	0.167132285
64		102.961112	100.2064875		0.023950368	0.036353467	HC	0.251806147	0.167319343
65		102.9986836	100.2304995		0.023962498	0.036491018	HC	0.252790908	0.167479974
66		103.0364098	100.2545261		0.023971351	0.036627829	HC	0.253768864	0.16761508
67		103.07429	100.2785642		0.023977035	0.036763973	HC	0.254740566	0.167725526
68		103.1123239	100.3026106		0.023979654	0.036899516	HC	0.255706546	0.16781214
69		103.1505111	100.3266625		0.023979307	0.037034523	HC	0.256667316	0.167875717
70		103.1888512	100.3507169		0.023976089	0.037169057	HC	0.257623369	0.167917018
71		103.2273439	100.3747711		0.023970091	0.037303179	HC	0.258575182	0.167936769
72		103.2659891	100.3988223		0.0239614	0.037436948	HC	0.259523212	0.167935669
73		103.3047865	100.4228679		0.023950099	0.037570419	HC	0.260467902	0.167914387
74		103.3437362	100.4469054		0.023936268	0.037703647	HC	0.261409677	0.167873561
75		103.382838	100.4709322		0.023919984	0.037836684	HC	0.262348949	0.167813805
76		103.4220921	100.4949461		0.023901319	0.037969581	HC	0.263286114	0.167735705
77		103.4614984	100.5189447		0.023880343	0.038102388	HC	0.264221554	0.167639821
78		103.501057	100.5429256		0.023857124	0.03823515	HC	0.265155639	0.167526692
79		103.5407682	100.5668867		0.023831725	0.038367914	HC	0.266088724	0.167396832
80		103.5806322	100.5908258		0.023804208	0.038500725	HC	0.267021155	0.167250732
81		103.6206491	100.6147409		0.023774631	0.038633623	HC	0.267953264	0.167088862
82		103.6608194	100.63863		0.023743049	0.038766652	HC	0.268885371	0.166911674
83		103.7011433	100.6624909		0.023709517	0.03889985	HC	0.269817787	0.166719598
84		103.7416212	100.6863218		0.023674085	0.039033257	HC	0.270750813	0.166513044
85		103.7822536	100.7101208		0.023636802	0.039166909	HC	0.271684737	0.166292408
86		103.8230409	100.7338861		0.023597715	0.039300843	HC	0.272619842	0.166058064
87		103.8639836	100.7576159		0.023556868	0.039435094	HC	0.273556398	0.165810372
88		103.9050823	100.7813083		0.023514304	0.039569696	HC	0.274494669	0.165549677
89		103.9463375	100.8049618		0.023470064	0.039704681	HC	0.275434908	0.165276304
90		103.9877498	100.8285745		0.023424185	0.039840082	HC	0.276377363	0.164990569
91		104.0293198	100.8521449		0.023376705	0.03997593	HC	0.277322273	0.164692769
92		104.0710483	100.8756713		0.023327659	0.040112254	HC	0.278269868	0.16438319
93		104.112936	100.8991523		0.023277081	0.040249084	HC	0.279220374	0.164062104
94		104.1549835	100.9225861		0.023225002	0.040386448	HC	0.280174009	0.163729771
95		104.1971917	100.9459713		0.023171452	0.040524374	HC	0.281130983	0.163386439
96		104.2395612	100.9693065		0.023116462	0.040662888	HC	0.282091502	0.163032342
97		104.2820931	100.99259		0.023060058	0.040802017	HC	0.283055766	0.162667707
98		104.324788	101.0158206		0.023002266	0.040941785	HC	0.284023969	0.162292746
99		104.367647	101.0389968		0.022943112	0.041082218	HC	0.284996298	0.161907665
100		104.4106708	101.0621172		0.022882618	0.041223339	HC	0.285972937	0.161512655
101		104.4538605	101.0851803		0.022820808	0.041365173	HC	0.286954064	0.161107903
102		104.4972169	101.108185		0.022757702	0.04150774	HC	0.287939852	0.160693582
103		104.5407411	101.1311298		0.022693322	0.041651065	HC	0.288930471	0.16026986
104		104.5844341	101.1540135		0.022627685	0.041795168	HC	0.289926085	0.159836894
105		104.6282969	101.1768346		0.02256081	0.041940071	HC	0.290926855	0.159394834
106		104.6723305	101.199592		0.022492714	0.042085794	HC	0.291932937	0.158943821
107		104.7165361	101.2222844		0.022423413	0.042232358	HC	0.292944484	0.158483991
108		104.7609147	101.2449106		0.022352922	0.042379782	HC	0.293961646	0.158015471
109		104.8054676	101.2674692		0.022281256	0.042528087	HC	0.294984567	0.157538381
110		104.8501957	101.2899591		0.022208429	0.04267729	HC	0.296013391	0.157052835
111		104.8951003	101.3123791		0.022134452	0.04282741	HC	0.297048256	0.156558939
112		104.9401826	101.3347279		0.022059338	0.042978466	HC	0.298089299	0.156056796
113		104.9854438	101.3570045		0.021983098	0.043130475	HC	0.299136652	0.155546499
114		105.0308851	101.3792075		0.021905742	0.043283454	HC	0.300190448	0.15502814
115		105.0765079	101.4013358		0.02182728	0.043437422	HC	0.301250813	0.1545018
116		105.1223132	101.4233883		0.021747722	0.043592394	HC	0.302317873	0.15396756
117		105.1683025	101.4453637		0.021667074	0.043748388	HC	0.303391751	0.153425492
118		105.2144771	101.4672611		0.021585346	0.043905419	HC	0.304472568	0.152875666
119		105.2608383	101.4890791		0.021502545	0.044063504	HC	0.305560443	0.152318145
120		105.3073874	101.5108167		0.021418677	0.044222658	HC	0.306655491	0.151752988
121		105.3541259	101.5324728		0.021333748	0.044382897	HC	0.307757828	0.151180252
122		105.4010551	101.5540462		0.021247763	0.044544236	HC	0.308867567	0.150599985
123		105.4481764	101.5755358		0.021160728	0.04470669	HC	0.309984817	0.150012236
124		105.4954913	101.5969404		0.021072648	0.044870274	HC	0.311109688	0.149417046
125		105.5430012	101.618259		0.020983525	0.045035002	HC	0.312242289	0.148814456
126		105.5907076	101.6394905		0.020893364	0.04520089	HC	0.313382724	0.1482045
127		105.6386119	101.6606337		0.020802168	0.045367951	HC	0.314531098	0.14758721
128		105.6867157	101.6816876		0.02070994	0.045536199	HC	0.315687514	0.146962615
129		105.7350205	101.702651		0.020616681	0.045705649	HC	0.316852074	0.14633074
130		105.7835279	101.7235228		0.020522394	0.045876313	HC	0.318024879	0.145691607
131		105.8322393	101.7443019		0.02042708	0.046048207	HC	0.319206028	0.145045235
132		105.8811564	101.7649873		0.020330741	0.046221342	HC	0.320395619	0.144391641
133		105.9302807	101.7855778		0.020233376	0.046395733	HC	0.321593749	0.143730838
134		105.9796139	101.8060723		0.020134986	0.046571393	HC	0.322800514	0.143062836
135		106.0291576	101.8264697		0.020035572	0.046748335	HC	0.324016009	0.142387643
136		106.0789135	101.846769		0.019935133	0.046926572	HC	0.325240328	0.141705264
137		106.1288831	101.8669689		0.019833668	0.047106116	HC	0.326473566	0.141015704
138		106.1790683	101.8870685		0.019731177	0.047286982	HC	0.327715813	0.140318961
139		106.2294706	101.9070665		0.019627658	0.04746918	HC	0.328967162	0.139615035
140		106.2800918	101.926962		0.01952311	0.047652725	HC	0.330227704	0.138903921
141		106.3309337	101.9467537		0.019417531	0.047837628	HC	0.331497529	0.138185614
142		106.381998	101.9664405		0.019310918	0.048023902	HC	0.332776727	0.137460104
143		106.4332864	101.9860214		0.019203271	0.04821156	HC	0.334065386	0.136727382
144		106.4848008	102.0054952		0.019094585	0.048400613	HC	0.335363596	0.135987435
145		106.5365429	102.0248608		0.018984859	0.048591074	HC	0.336671444	0.13524025
146		106.5885145	102.0441171		0.018874089	0.048782956	HC	0.337989017	0.13448581
147		106.6407176	102.0632629		0.018762272	0.048976269	HC	0.339316402	0.133724098
148		106.693154	102.0822971		0.018649404	0.049171028	HC	0.340653686	0.132955093
149		106.7458254	102.1012185		0.018535482	0.049367242	HC	0.342000956	0.132178776
150		106.7987339	102.1200261		0.018420501	0.049564926	HC	0.343358296	0.131395122
151		106.8518813	102.1387186		0.018304458	0.049764089	HC	0.344725791	0.130604108
152		106.9052696	102.1572949		0.018187348	0.049964745	HC	0.346103528	0.129805707
153		106.9589007	102.1757539		0.018069167	0.050166905	HC	0.34749159	0.128999893
154		107.0127765	102.1940943		0.01794991	0.050370582	HC	0.348890063	0.128186635
155		107.066899	102.2123151		0.017829571	0.050575786	HC	0.35029903	0.127365904
156		107.1212703	102.230415		0.017708146	0.05078253	HC	0.351718574	0.126537668
157		107.1758923	102.2483929		0.01758563	0.050990826	HC	0.353148781	0.125701894
158		107.2307671	102.2662475		0.017462016	0.051200685	HC	0.354589733	0.124858547
159		107.2858967	102.2839777		0.0173373	0.051412119	HC	0.356041514	0.124007592
160		107.3412832	102.3015823		0.017211475	0.05162514	HC	0.357504206	0.123148991
161		107.3969287	102.31906		0.017084535	0.051839759	HC	0.358977894	0.122282706
162		107.4528352	102.3364097		0.016956475	0.052055989	HC	0.360462659	0.121408698
163		107.509005	102.3536302		0.016827288	0.05227384	HC	0.361958585	0.120526927
164		107.56544	102.3707201		0.016696967	0.052493325	HC	0.363465754	0.119637349
165		107.6221425	102.3876784		0.016565506	0.052714456	HC	0.36498425	0.118739923
166		107.6791147	102.4045036		0.016432898	0.052937243	HC	0.366514154	0.117834605
167		107.7363588	102.4211947		0.016299136	0.053161699	HC	0.368055549	0.116921348
168		107.7938769	102.4377502		0.016164214	0.053387835	HC	0.369608517	0.116000108
169		107.8516713	102.4541691		0.016028123	0.053615663	HC	0.371173142	0.115070837
170		107.9097442	102.4704499		0.015890857	0.053845195	HC	0.372749505	0.114133486
171		107.968098	102.4865915		0.015752408	0.054076442	HC	0.374337688	0.113188007
172		108.0267348	102.5025925		0.015612768	0.054309416	HC	0.375937775	0.112234349
173		108.0856571	102.5184516		0.01547193	0.054544128	HC	0.377549848	0.111272461
174		108.144867	102.5341676		0.015329886	0.054780591	HC	0.379173989	0.11030229
175		108.2043671	102.5497391		0.015186628	0.055018816	HC	0.380810281	0.109323785
176		108.2641595	102.5651648		0.015042147	0.055258815	HC	0.382458806	0.108336889
177		108.3242468	102.5804433		0.014896436	0.055500599	HC	0.384119647	0.107341549
178		108.3846312	102.5955734		0.014749486	0.05574418	HC	0.385792887	0.106337709
179		108.4453153	102.6105537		0.014601288	0.05598957	HC	0.387478607	0.105325311
180		108.5063015	102.6253828		0.014451834	0.056236781	HC	0.389176892	0.104304298
181		108.5675921	102.6400594		0.014301115	0.056485824	HC	0.390887824	0.103274612
182		108.6291898	102.654582		0.014149123	0.056736711	HC	0.392611485	0.102236193
183		108.691097	102.6689494		0.013995847	0.056989454	HC	0.394347959	0.101188981
184		108.7533162	102.6831601		0.01384128	0.057244064	HC	0.396097329	0.100132914
185		108.81585	102.6972127		0.013685411	0.057500555	HC	0.397859678	0.099067931
186		108.8787009	102.7111058		0.013528232	0.057758936	HC	0.39963509	0.097993968
187		108.9418714	102.724838		0.013369733	0.058019221	HC	0.401423647	0.096910963
188		109.0053643	102.7384079		0.013209904	0.05828142	HC	0.403225434	0.09581885
189		109.0691821	102.7518139		0.013048735	0.058545546	HC	0.405040534	0.094717564
190		109.1333274	102.7650548		0.012886218	0.058811612	HC	0.40686903	0.093607039
191		109.197803	102.7781289		0.012722341	0.059079627	HC	0.408711007	0.092487208
192		109.2626115	102.7910348		0.012557095	0.059349605	HC	0.410566548	0.091358004
193		109.3277555	102.8037711		0.01239047	0.059621558	HC	0.412435738	0.090219357
194		109.3932379	102.8163363		0.012222455	0.059895497	HC	0.41431866	0.089071198
195		109.4590614	102.8287288		0.012053041	0.060171435	HC	0.4162154	0.087913458
196		109.5252287	102.8409471		0.011882215	0.060449382	HC	0.418126041	0.086746064
197		109.5917427	102.8529897		0.011709968	0.060729352	HC	0.420050668	0.085568946
198		109.6586061	102.8648552		0.01153629	0.061011357	HC	0.421989367	0.084382031
199		109.7258218	102.8765418		0.011361168	0.061295407	HC	0.42394222	0.083185245
200		109.7933926	102.8880481		0.011184593	0.061581516	HC	0.425909315	0.081978514
201		109.8613215	102.8993726		0.011006553	0.061869696	HC	0.427890735	0.080761764
202		109.9296112	102.9105135		0.010827038	0.062159958	HC	0.429886566	0.079534919
203		109.9982648	102.9214694		0.010646036	0.062452314	HC	0.431896893	0.078297903
204		110.0672852	102.9322386		0.010463538	0.062746778	HC	0.433921802	0.077050643
205		110.1366753	102.9428196		0.010279539	0.06304336	HC	0.435961378	0.07579307
206		110.2064381	102.9532107		0.010094045	0.063342072	HC	0.438015706	0.07452513
207		110.2765767	102.9634104		0.009907091	0.063642927	HC	0.440084873	0.073246819
208		110.3470941	102.9734172		0.009718808	0.063945936	HC	0.44216896	0.071958273
209		110.4179933	102.9832301		0.009529587	0.064251105	HC	0.444268049	0.070660029
210		110.4892775	102.9928493		0.009340575	0.064558436	HC	0.446382207	0.069353785
211		110.5609496	103.0022784		0.009155083	0.064867907	HC	0.448511469	0.06804456
212		110.6330126	103.0115307		0.008982626	0.065179433	HC	0.450655771	0.066746898
213		110.7054692	103.0206478		0.008850493	0.065492748	HC	0.452814771	0.065502641
214		110.7783212	103.0297516		0.008836866	0.065807069	HC	0.45498733	0.064431821
215		110.851568	103.0391948		0.00916559	0.06612013	HC	0.45717002	0.0638783
216		110.9252016	103.0499903		0.010477003	0.066425424	HC	0.459352877	0.06482623
217		110.9991935	103.0650358		0.014600243	0.066704328	HC	0.461507236	0.070088816
218		111.073456	103.0925985		0.026742999	0.066903637	HC	0.463551035	0.087687449
219		111.1477328	103.1561075		0.061603832	0.06687176	HC	0.4652501	0.140350066
220		111.2212898	103.3208248		0.159677755	0.066179553	BF	0.465939648	0.291375648
221		111.2920632	103.7598595		0.424923729	0.063632903	BF	0.463756788	0.708638013
222		111.3544622	104.8699523		1.069867289	0.05606786	BF	0.453664573	1.776758348
223		111.3948197	107.1904663		2.212753895	0.036242314	BF	0.423364659	4.017929571
224		111.3885104	110.121682		2.734586189	-0.005663856	BF	0.350738539	6.846789615
225		111.3232153	111.3175108		1.085915904	-0.058619291	BF	0.224859571	7.978179293
226		111.234474	111.2687417		-0.043810862	-0.079715011	BF	0.078041365	7.864424503
227		111.1477137	111.071651		-0.177130349	-0.077997683	HC	-0.066152961	7.501707558
228		111.0659504	110.8731245		-0.178737298	-0.073562692	HC	-0.203170609	6.855507504
229		110.9891997	110.6826126		-0.171828752	-0.069103731	HC	-0.328017889	5.542731855
230		110.9172845	110.5004094		-0.164617706	-0.064794723	HC	-0.42868702	3.087908129
231		110.8500226	110.3262294		-0.157628406	-0.060641563	HC	-0.483432146	0.18574671
232		110.7872377	110.1597592		-0.150889071	-0.056639442	HC	-0.481460713	-1.040044527
233		110.7287609	110.0006948		-0.144394222	-0.052782979	HC	-0.454636965	-1.139625403
234		110.6744297	109.8487441		-0.138136115	-0.049066912	HC	-0.425815243	-1.101007153
235		110.6240882	109.7036262		-0.132107012	-0.045486142	HC	-0.397837666	-1.054807694
236		110.5775866	109.5650713		-0.126299356	-0.042035736	HC	-0.370858714	-1.009681005
237		110.534781	109.4328199		-0.120705786	-0.038710923	HC	-0.344854799	-0.966140781
238		110.4955333	109.3066229		-0.115319138	-0.035507086	HC	-0.319791801	-0.924174129
239		110.4597109	109.1862409		-0.110132443	-0.032419764	HC	-0.295635894	-0.883733142
240		110.4271864	109.0714436		-0.105138923	-0.029444645	HC	-0.272354267	-0.844768493
241		110.3978376	108.9620101		-0.100331995	-0.02657756	HC	-0.249915156	-0.807231878
242		110.3715469	108.8577277		-0.095705261	-0.023814484	HC	-0.228287822	-0.77107621
243		110.3482016	108.7583923		-0.091252513	-0.021151529	HC	-0.207442528	-0.736255626
244		110.3276935	108.6638076		-0.086967723	-0.01858494	HC	-0.187350518	-0.702725488
245		110.3099185	108.573785		-0.082845046	-0.016111093	HC	-0.167983986	-0.67044237
246		110.2947768	108.4881433		-0.078878813	-0.013726488	HC	-0.149316059	-0.639364051
247		110.2821726	108.4067082		-0.075063531	-0.01142775	HC	-0.131320768	-0.609449499
248		110.2720138	108.3293125		-0.071393876	-0.009211621	HC	-0.113973024	-0.580658857
249		110.2642121	108.2557951		-0.067864692	-0.007074959	HC	-0.097248594	-0.552953431
250		110.2586827	108.1860016		-0.064470987	-0.005014732	HC	-0.081124079	-0.526295669
251		110.255344	108.1197832		-0.061207928	-0.003028019	HC	-0.065576889	-0.500649143
252		110.254118	108.0569971		-0.05807084	-0.001112001	HC	-0.050585218	-0.475978531
253		110.2549295	107.9975061		-0.055055199	0.000736039	HC	-0.036128023	-0.452249595
254		110.2577065	107.9411782		-0.052156632	0.002518719	HC	-0.022184999	-0.429429162
255		110.2623798	107.8878867		-0.049370908	0.004238564	HC	-0.00873656	-0.4074851
256		110.2688831	107.8375096		-0.046693941	0.005898004	HC	0.004236188	-0.386386298
257		110.2771526	107.7899298		-0.04412178	0.007499385	HC	0.016751463	-0.36610264
258		110.2871271	107.7450346		-0.041650609	0.009044963	HC	0.028826832	-0.346604986
259		110.298748	107.7027159		-0.039276743	0.010536912	HC	0.040479233	-0.327865148
260		110.3119588	107.6628695		-0.036996622	0.011977329	HC	0.051724991	-0.309855863
261		110.3267056	107.6253955		-0.03480681	0.01336823	HC	0.06257984	-0.292550774
262		110.3429364	107.5901977		-0.03270399	0.014711558	HC	0.073058944	-0.275924407
263		110.3606014	107.5571837		-0.030684961	0.016009184	HC	0.083176914	-0.259952142
264		110.3796528	107.5262646		-0.028746635	0.017262908	HC	0.092947825	-0.244610196
265		110.4000449	107.4973551		-0.026886031	0.018474466	HC	0.102385239	-0.229875597
266		110.4217335	107.4703729		-0.025100276	0.019645526	HC	0.111502218	-0.215726161
267		110.4446766	107.4452393		-0.023386598	0.020777695	HC	0.120311342	-0.202140472
268		110.4688337	107.4218782		-0.021742325	0.02187252	HC	0.128824726	-0.189097856
269		110.4941658	107.4002167		-0.020164879	0.02293149	HC	0.137054037	-0.176578361
270		110.5206358	107.3801846		-0.018651777	0.023956037	HC	0.145010508	-0.164562738
271		110.548208	107.3617146		-0.017200624	0.024947539	HC	0.152704954	-0.153032414
272		110.5768481	107.3447416		-0.015809115	0.025907324	HC	0.160147788	-0.141969474
273		110.6065232	107.3292034		-0.014475025	0.026836667	HC	0.16734903	-0.131356644
274		110.637202	107.3150401		-0.013196214	0.027736797	HC	0.174318331	-0.121177265
275		110.668854	107.3021938		-0.011970617	0.028608896	HC	0.181064973	-0.111415275
276		110.7014505	107.2906092		-0.010796247	0.0294541	HC	0.187597896	-0.102055194
277		110.7349638	107.2802329		-0.009671191	0.030273504	HC	0.193925698	-0.0930821
278		110.7693671	107.2710137		-0.008593604	0.031068158	HC	0.200056657	-0.084481612
279		110.804635	107.2629021		-0.007561713	0.031839076	HC	0.205998736	-0.076239874
280		110.8407432	107.2558509		-0.006573807	0.03258723	HC	0.211759599	-0.068343537
281		110.8776682	107.2498143		-0.005628242	0.033313557	HC	0.217346619	-0.060779739
282		110.9153876	107.2447484		-0.004723434	0.034018959	HC	0.222766889	-0.053536095
283		110.95388	107.240611		-0.003857858	0.0347043	HC	0.228027235	-0.046600671
284		110.9931249	107.2373616		-0.003030047	0.035370415	HC	0.233134223	-0.03996198
285		111.0331025	107.234961		-0.002238588	0.036018105	HC	0.238094169	-0.033608957
286		111.073794	107.2333716		-0.001482123	0.03664814	HC	0.24291315	-0.027530951
287		111.1151815	107.2325574		-0.000759343	0.037261263	HC	0.24759701	-0.021717705
288		111.1572477	107.2324834		-6.89911E-05	0.037858185	HC	0.252151372	-0.016159349
289		111.1999761	107.2331162		0.000590144	0.038439592	HC	0.256581645	-0.010846378
290		111.2433509	107.2344236		0.001219227	0.039006144	HC	0.26089303	-0.005769648
291		111.2873571	107.2363746		0.001819379	0.039558475	HC	0.265090532	-0.000920355
292		111.3319802	107.2389394		0.002391676	0.040097194	HC	0.269178962	0.00370997
293		111.3772065	107.2420891		0.002937156	0.040622889	HC	0.27316295	0.008129478
294		111.4230228	107.2457963		0.003456816	0.041136123	HC	0.277046947	0.012346012
295		111.4694164	107.2500342		0.003951615	0.041637438	HC	0.280835236	0.016367117
296		111.5163756	107.2547774		0.004422474	0.042127356	HC	0.284531936	0.020200052
297		111.5638887	107.260001		0.004870282	0.042606378	HC	0.288141006	0.023851799
298		111.6119448	107.2656813		0.00529589	0.043074988	HC	0.291666256	0.027329076
299		111.6605335	107.2717956		0.005700118	0.043533648	HC	0.295111351	0.030638343
300		111.709645	107.2783218		0.006083755	0.043982805	HC	0.298479815	0.033785814
301		111.7592696	107.2852386		0.006447559	0.044422888	HC	0.301775035	0.036777464
302		111.8093985	107.2925257		0.006792259	0.04485431	HC	0.305000272	0.03961904
303		111.8600229	107.3001634		0.007118555	0.045277467	HC	0.308158661	0.042316069
304		111.9111348	107.3081327		0.00742712	0.045692742	HC	0.311253217	0.044873865
305		111.9627264	107.3164154		0.007718602	0.0461005	HC	0.31428684	0.047297536
306		112.0147903	107.3249938		0.007993623	0.046501096	HC	0.317262319	0.049591995
307		112.0673195	107.3338511		0.008252781	0.046894869	HC	0.320182337	0.051761965
308		112.1203074	107.3429709		0.008496651	0.047282145	HC	0.323049475	0.053811985
309		112.1737475	107.3523374		0.008725786	0.047663238	HC	0.325866214	0.055746421
310		112.2276341	107.3619355		0.008940715	0.048038452	HC	0.328634941	0.057569468
311		112.2819613	107.3717505		0.00914195	0.048408075	HC	0.331357954	0.059285158
312		112.3367239	107.3817682		0.00932998	0.048772389	HC	0.334037461	0.060897367
313		112.3919168	107.3919752		0.009505276	0.049131662	HC	0.336675587	0.06240982
314		112.4475352	107.4023581		0.009668292	0.049486153	HC	0.339274377	0.063826097
315		112.5035747	107.4129045		0.009819461	0.04983611	HC	0.341835797	0.065149638
316		112.560031	107.4236019		0.009959202	0.050181774	HC	0.344361738	0.066383751
317		112.6169001	107.4344387		0.010087916	0.050523375	HC	0.346854021	0.067531611
318		112.6741784	107.4454035		0.010205988	0.050861135	HC	0.349314398	0.06859627
319		112.7318622	107.4564852		0.010313789	0.051195266	HC	0.351744553	0.069580663
320		112.7899484	107.4676732		0.010411675	0.051525975	HC	0.354146108	0.070487605
321		112.8484339	107.4789573		0.010499986	0.051853459	HC	0.356520623	0.071319805
322		112.9073158	107.4903275		0.010579052	0.052177908	HC	0.358869599	0.072079863
323		112.9665916	107.5017744		0.010649187	0.052499505	HC	0.361194481	0.072770277
324		113.0262588	107.5132886		0.010710694	0.052818427	HC	0.36349666	0.073393445
325		113.0863151	107.5248612		0.010763864	0.053134844	HC	0.365777474	0.073951674
326		113.1467585	107.5364835		0.010808976	0.053448917	HC	0.368038211	0.074447175
327		113.2075871	107.5481472		0.010846297	0.053760805	HC	0.370280112	0.074882076
328		113.2687992	107.5598442		0.010876085	0.05407066	HC	0.372504369	0.075258416
329		113.3303932	107.5715667		0.010898586	0.054378626	HC	0.374712133	0.075578157
330		113.3923678	107.5833071		0.010914039	0.054684844	HC	0.376904509	0.075843181
331		113.4547216	107.5950581		0.010922669	0.05498945	HC	0.379082564	0.076055294
332		113.5174537	107.6068126		0.010924697	0.055292573	HC	0.381247323	0.076216231
333		113.5805629	107.6185636		0.01092033	0.05559434	HC	0.383399774	0.076327659
334		113.6440487	107.6303045		0.010909771	0.05589487	HC	0.385540869	0.076391175
335		113.7079101	107.6420289		0.010893213	0.05619428	HC	0.387671525	0.076408314
336		113.7721468	107.6537305		0.01087084	0.056492683	HC	0.389792624	0.07638055
337		113.8367582	107.6654032		0.01084283	0.056790186	HC	0.391905016	0.076309295
338		113.901744	107.6770411		0.010809355	0.057086894	HC	0.394009523	0.076195906
339		113.9671042	107.6886386		0.010770577	0.057382907	HC	0.396106932	0.076041686
340		114.0328385	107.70019		0.010726655	0.057678321	HC	0.398198006	0.075847885
341		114.098947	107.7116899		0.010677743	0.057973231	HC	0.400283478	0.075615706
342		114.1654299	107.7231332		0.010623992	0.058267726	HC	0.402364055	0.075346311
343		114.2322873	107.7345148		0.01056556	0.058561892	HC	0.404440417	0.075040834
344		114.2995196	107.7458297		0.010502629	0.058855814	HC	0.406513222	0.074700414
345		114.3671273	107.7570735		0.010435448	0.059149569	HC	0.408583101	0.074326268
346		114.4351108	107.7682419		0.010364452	0.059443232	HC	0.410650658	0.073919885
347		114.5034708	107.7793318		0.01029054	0.059736868	HC	0.412716467	0.073483494
348		114.5722078	107.7903424		0.010215802	0.060030527	HC	0.414781057	0.073021263
349		114.6413226	107.8012781		0.010145343	0.060324219	HC	0.416844877	0.072542315
350		114.7108157	107.8121573		0.010091908	0.060617858	HC	0.418908204	0.07206837
351		114.7806874	107.8230329		0.010087598	0.060911127	HC	0.420970913	0.071653084
352		114.8509367	107.8340455		0.010213586	0.061203119	HC	0.42303189	0.071431086
353		114.9215602	107.8455574		0.010675524	0.061491443	HC	0.425087543	0.071742349
354		114.9925472	107.8584932		0.011994803	0.061769946	HC	0.427128045	0.073447659
355		115.063869	107.8752036		0.015492903	0.062022957	HC	0.429127784	0.078728096
356		115.135451	107.9016453		0.024511339	0.062210685	HC	0.431021203	0.093103944
357		115.2071026	107.952833		0.047439261	0.062232405	HC	0.432641727	0.130482297
358		115.2783403	108.0661129		0.104934568	0.061834483	BF	0.433568514	0.225443446
359		115.3479531	108.3312119		0.245311862	0.060386692	BF	0.432749049	0.461047671
360		115.4129821	108.9447821		0.566383603	0.056376444	BF	0.427615073	1.019258237
361		115.4666406	110.2374323		1.186518732	0.046492605	BF	0.412281874	2.205611298
362		115.4957138	112.3602175		1.925648181	0.025178798	BF	0.375308745	4.157594758
363		115.4840827	114.3758337		1.793887781	-0.010070581	BF	0.302801309	6.000083083
364		115.4339524	115.0749639		0.611256938	-0.043408843	BF	0.196906078	6.597446904
365		115.3710891	115.0443762		-0.02658063	-0.054458226	BF	0.080456388	6.457402016
